[app/ui]
version = 7.0.1
modtime = 1526568190.964044000

[app/launcher]
version = 7.0.1
modtime = 1526568190.965973000
